date,year,month,monthly_total,prev_year_monthly_total,monthly_percentage_difference,ytd_total,prev_year_ytd_total,ytd_percentage_difference,ytd_total_2019,c2019_percentage_difference,ytd_month_range
2009-01-01,2009,1,7039,,,7039,0,,13949,-49.5,January - January
2009-02-01,2009,2,7349,,,14388,0,,28513,-49.5,January - February
2009-03-01,2009,3,8655,,,23043,0,,45291,-49.1,January - March
2009-04-01,2009,4,7540,,,30583,0,,59948,-49.0,January - April
2009-05-01,2009,5,9375,,,39958,0,,75584,-47.1,January - May
2009-06-01,2009,6,12351,,,52309,0,,96182,-45.6,January - June
2009-07-01,2009,7,14437,,,66746,0,,120347,-44.5,January - July
2009-08-01,2009,8,14029,,,80775,0,,144446,-44.1,January - August
2009-09-01,2009,9,10012,,,90787,0,,163200,-44.4,January - September
2009-10-01,2009,10,8425,,,99212,0,,177082,-44.0,January - October
2009-11-01,2009,11,7236,,,106448,0,,190413,-44.1,January - November
2009-12-01,2009,12,8130,,,114578,0,,206177,-44.4,January - December
2010-01-01,2010,1,7624,7039,8.3,7624,7039,8.3,13949,-45.3,January - January
2010-02-01,2010,2,7390,7349,0.6,15014,14388,4.4,28513,-47.3,January - February
2010-03-01,2010,3,10041,8655,16.0,25055,23043,8.7,45291,-44.7,January - March
2010-04-01,2010,4,8197,7540,8.7,33252,30583,8.7,59948,-44.5,January - April
2010-05-01,2010,5,11077,9375,18.2,44329,39958,10.9,75584,-41.4,January - May
2010-06-01,2010,6,13649,12351,10.5,57978,52309,10.8,96182,-39.7,January - June
2010-07-01,2010,7,15164,14437,5.0,73142,66746,9.6,120347,-39.2,January - July
2010-08-01,2010,8,15031,14029,7.1,88173,80775,9.2,144446,-39.0,January - August
2010-09-01,2010,9,10849,10012,8.4,99022,90787,9.1,163200,-39.3,January - September
2010-10-01,2010,10,9120,8425,8.2,108142,99212,9.0,177082,-38.9,January - October
2010-11-01,2010,11,8388,7236,15.9,116530,106448,9.5,190413,-38.8,January - November
2010-12-01,2010,12,8747,8130,7.6,125277,114578,9.3,206177,-39.2,January - December
2011-01-01,2011,1,8531,7624,11.9,8531,7624,11.9,13949,-38.8,January - January
2011-02-01,2011,2,8796,7390,19.0,17327,15014,15.4,28513,-39.2,January - February
2011-03-01,2011,3,10318,10041,2.8,27645,25055,10.3,45291,-39.0,January - March
2011-04-01,2011,4,8787,8197,7.2,36432,33252,9.6,59948,-39.2,January - April
2011-05-01,2011,5,11429,11077,3.2,47861,44329,8.0,75584,-36.7,January - May
2011-06-01,2011,6,13184,13649,-3.4,61045,57978,5.3,96182,-36.5,January - June
2011-07-01,2011,7,15708,15164,3.6,76753,73142,4.9,120347,-36.2,January - July
2011-08-01,2011,8,16604,15031,10.5,93357,88173,5.9,144446,-35.4,January - August
2011-09-01,2011,9,12272,10849,13.1,105629,99022,6.7,163200,-35.3,January - September
2011-10-01,2011,10,10073,9120,10.4,115702,108142,7.0,177082,-34.7,January - October
2011-11-01,2011,11,8984,8388,7.1,124686,116530,7.0,190413,-34.5,January - November
2011-12-01,2011,12,9561,8747,9.3,134247,125277,7.2,206177,-34.9,January - December
2012-01-01,2012,1,9392,8531,10.1,9392,8531,10.1,13949,-32.7,January - January
2012-02-01,2012,2,9786,8796,11.3,19178,17327,10.7,28513,-32.7,January - February
2012-03-01,2012,3,10789,10318,4.6,29967,27645,8.4,45291,-33.8,January - March
2012-04-01,2012,4,10173,8787,15.8,40140,36432,10.2,59948,-33.0,January - April
2012-05-01,2012,5,12412,11429,8.6,52552,47861,9.8,75584,-30.5,January - May
2012-06-01,2012,6,15234,13184,15.5,67786,61045,11.0,96182,-29.5,January - June
2012-07-01,2012,7,18435,15708,17.4,86221,76753,12.3,120347,-28.4,January - July
2012-08-01,2012,8,17704,16604,6.6,103925,93357,11.3,144446,-28.1,January - August
2012-09-01,2012,9,13227,12272,7.8,117152,105629,10.9,163200,-28.2,January - September
2012-10-01,2012,10,10515,10073,4.4,127667,115702,10.3,177082,-27.9,January - October
2012-11-01,2012,11,9122,8984,1.5,136789,124686,9.7,190413,-28.2,January - November
2012-12-01,2012,12,10286,9561,7.6,147075,134247,9.6,206177,-28.7,January - December
2013-01-01,2013,1,9396,9392,0.0,9396,9392,0.0,13949,-32.6,January - January
2013-02-01,2013,2,9725,9786,-0.6,19121,19178,-0.3,28513,-32.9,January - February
2013-03-01,2013,3,12106,10789,12.2,31227,29967,4.2,45291,-31.1,January - March
2013-04-01,2013,4,9183,10173,-9.7,40410,40140,0.7,59948,-32.6,January - April
2013-05-01,2013,5,11299,12412,-9.0,51709,52552,-1.6,75584,-31.6,January - May
2013-06-01,2013,6,15050,15234,-1.2,66759,67786,-1.5,96182,-30.6,January - June
2013-07-01,2013,7,17415,18435,-5.5,84174,86221,-2.4,120347,-30.1,January - July
2013-08-01,2013,8,16887,17704,-4.6,101061,103925,-2.8,144446,-30.0,January - August
2013-09-01,2013,9,14702,13227,11.2,115763,117152,-1.2,163200,-29.1,January - September
2013-10-01,2013,10,10894,10515,3.6,126657,127667,-0.8,177082,-28.5,January - October
2013-11-01,2013,11,9533,9122,4.5,136190,136789,-0.4,190413,-28.5,January - November
2013-12-01,2013,12,10859,10286,5.6,147049,147075,0.0,206177,-28.7,January - December
2014-01-01,2014,1,9793,9396,4.2,9793,9396,4.2,13949,-29.8,January - January
2014-02-01,2014,2,10043,9725,3.3,19836,19121,3.7,28513,-30.4,January - February
2014-03-01,2014,3,10549,12106,-12.9,30385,31227,-2.7,45291,-32.9,January - March
2014-04-01,2014,4,10603,9183,15.5,40988,40410,1.4,59948,-31.6,January - April
2014-05-01,2014,5,11965,11299,5.9,52953,51709,2.4,75584,-29.9,January - May
2014-06-01,2014,6,14491,15050,-3.7,67444,66759,1.0,96182,-29.9,January - June
2014-07-01,2014,7,19087,17415,9.6,86531,84174,2.8,120347,-28.1,January - July
2014-08-01,2014,8,19163,16887,13.5,105694,101061,4.6,144446,-26.8,January - August
2014-09-01,2014,9,13643,14702,-7.2,119337,115763,3.1,163200,-26.9,January - September
2014-10-01,2014,10,11990,10894,10.1,131327,126657,3.7,177082,-25.8,January - October
2014-11-01,2014,11,10296,9533,8.0,141623,136190,4.0,190413,-25.6,January - November
2014-12-01,2014,12,11730,10859,8.0,153353,147049,4.3,206177,-25.6,January - December
2015-01-01,2015,1,9630,9793,-1.7,9630,9793,-1.7,13949,-31.0,January - January
2015-02-01,2015,2,11420,10043,13.7,21050,19836,6.1,28513,-26.2,January - February
2015-03-01,2015,3,13019,10549,23.4,34069,30385,12.1,45291,-24.8,January - March
2015-04-01,2015,4,11419,10603,7.7,45488,40988,11.0,59948,-24.1,January - April
2015-05-01,2015,5,12236,11965,2.3,57724,52953,9.0,75584,-23.6,January - May
2015-06-01,2015,6,15385,14491,6.2,73109,67444,8.4,96182,-24.0,January - June
2015-07-01,2015,7,18200,19087,-4.6,91309,86531,5.5,120347,-24.1,January - July
2015-08-01,2015,8,18581,19163,-3.0,109890,105694,4.0,144446,-23.9,January - August
2015-09-01,2015,9,13772,13643,0.9,123662,119337,3.6,163200,-24.2,January - September
2015-10-01,2015,10,10992,11990,-8.3,134654,131327,2.5,177082,-24.0,January - October
2015-11-01,2015,11,9796,10296,-4.9,144450,141623,2.0,190413,-24.1,January - November
2015-12-01,2015,12,11568,11730,-1.4,156018,153353,1.7,206177,-24.3,January - December
2016-01-01,2016,1,9942,9630,3.2,9942,9630,3.2,13949,-28.7,January - January
2016-02-01,2016,2,12289,11420,7.6,22231,21050,5.6,28513,-22.0,January - February
2016-03-01,2016,3,14393,13019,10.6,36624,34069,7.5,45291,-19.1,January - March
2016-04-01,2016,4,10925,11419,-4.3,47549,45488,4.5,59948,-20.7,January - April
2016-05-01,2016,5,13836,12236,13.1,61385,57724,6.3,75584,-18.8,January - May
2016-06-01,2016,6,17349,15385,12.8,78734,73109,7.7,96182,-18.1,January - June
2016-07-01,2016,7,19982,18200,9.8,98716,91309,8.1,120347,-18.0,January - July
2016-08-01,2016,8,20111,18581,8.2,118827,109890,8.1,144446,-17.7,January - August
2016-09-01,2016,9,14674,13772,6.5,133501,123662,8.0,163200,-18.2,January - September
2016-10-01,2016,10,12083,10992,9.9,145584,134654,8.1,177082,-17.8,January - October
2016-11-01,2016,11,10905,9796,11.3,156489,144450,8.3,190413,-17.8,January - November
2016-12-01,2016,12,12959,11568,12.0,169448,156018,8.6,206177,-17.8,January - December
2017-01-01,2017,1,11461,9942,15.3,11461,9942,15.3,13949,-17.8,January - January
2017-02-01,2017,2,11532,12289,-6.2,22993,22231,3.4,28513,-19.4,January - February
2017-03-01,2017,3,14135,14393,-1.8,37128,36624,1.4,45291,-18.0,January - March
2017-04-01,2017,4,12924,10925,18.3,50052,47549,5.3,59948,-16.5,January - April
2017-05-01,2017,5,13934,13836,0.7,63986,61385,4.2,75584,-15.3,January - May
2017-06-01,2017,6,18549,17349,6.9,82535,78734,4.8,96182,-14.2,January - June
2017-07-01,2017,7,21796,19982,9.1,104331,98716,5.7,120347,-13.3,January - July
2017-08-01,2017,8,22240,20111,10.6,126571,118827,6.5,144446,-12.4,January - August
2017-09-01,2017,9,16756,14674,14.2,143327,133501,7.4,163200,-12.2,January - September
2017-10-01,2017,10,13266,12083,9.8,156593,145584,7.6,177082,-11.6,January - October
2017-11-01,2017,11,11837,10905,8.5,168430,156489,7.6,190413,-11.5,January - November
2017-12-01,2017,12,14036,12959,8.3,182466,169448,7.7,206177,-11.5,January - December
2018-01-01,2018,1,12195,11461,6.4,12195,11461,6.4,13949,-12.6,January - January
2018-02-01,2018,2,12848,11532,11.4,25043,22993,8.9,28513,-12.2,January - February
2018-03-01,2018,3,14156,14135,0.1,39199,37128,5.6,45291,-13.5,January - March
2018-04-01,2018,4,13341,12924,3.2,52540,50052,5.0,59948,-12.4,January - April
2018-05-01,2018,5,14067,13934,1.0,66607,63986,4.1,75584,-11.9,January - May
2018-06-01,2018,6,19415,18549,4.7,86022,82535,4.2,96182,-10.6,January - June
2018-07-01,2018,7,23677,21796,8.6,109699,104331,5.1,120347,-8.8,January - July
2018-08-01,2018,8,23730,22240,6.7,133429,126571,5.4,144446,-7.6,January - August
2018-09-01,2018,9,17938,16756,7.1,151367,143327,5.6,163200,-7.3,January - September
2018-10-01,2018,10,14419,13266,8.7,165786,156593,5.9,177082,-6.4,January - October
2018-11-01,2018,11,13547,11837,14.4,179333,168430,6.5,190413,-5.8,January - November
2018-12-01,2018,12,14790,14036,5.4,194123,182466,6.4,206177,-5.8,January - December
2019-01-01,2019,1,13949,12195,14.4,13949,12195,14.4,13949,0.0,January - January
2019-02-01,2019,2,14564,12848,13.4,28513,25043,13.9,28513,0.0,January - February
2019-03-01,2019,3,16778,14156,18.5,45291,39199,15.5,45291,0.0,January - March
2019-04-01,2019,4,14657,13341,9.9,59948,52540,14.1,59948,0.0,January - April
2019-05-01,2019,5,15636,14067,11.2,75584,66607,13.5,75584,0.0,January - May
2019-06-01,2019,6,20598,19415,6.1,96182,86022,11.8,96182,0.0,January - June
2019-07-01,2019,7,24165,23677,2.1,120347,109699,9.7,120347,0.0,January - July
2019-08-01,2019,8,24099,23730,1.6,144446,133429,8.3,144446,0.0,January - August
2019-09-01,2019,9,18754,17938,4.5,163200,151367,7.8,163200,0.0,January - September
2019-10-01,2019,10,13882,14419,-3.7,177082,165786,6.8,177082,0.0,January - October
2019-11-01,2019,11,13331,13547,-1.6,190413,179333,6.2,190413,0.0,January - November
2019-12-01,2019,12,15764,14790,6.6,206177,194123,6.2,206177,0.0,January - December
2020-01-01,2020,1,8638,13949,-38.1,8638,13949,-38.1,13949,-38.1,January - January
2020-02-01,2020,2,7920,14564,-45.6,16558,28513,-41.9,28513,-41.9,January - February
2020-03-01,2020,3,6713,16778,-60.0,23271,45291,-48.6,45291,-48.6,January - March
2020-04-01,2020,4,355,14657,-97.6,23626,59948,-60.6,59948,-60.6,January - April
2020-05-01,2020,5,682,15636,-95.6,24308,75584,-67.8,75584,-67.8,January - May
2020-06-01,2020,6,1066,20598,-94.8,25374,96182,-73.6,96182,-73.6,January - June
2020-07-01,2020,7,3295,24165,-86.4,28669,120347,-76.2,120347,-76.2,January - July
2020-08-01,2020,8,4317,24099,-82.1,32986,144446,-77.2,144446,-77.2,January - August
2020-09-01,2020,9,3810,18754,-79.7,36796,163200,-77.5,163200,-77.5,January - September
2020-10-01,2020,10,3810,13882,-72.6,40606,177082,-77.1,177082,-77.1,January - October
2020-11-01,2020,11,2669,13331,-80.0,43275,190413,-77.3,190413,-77.3,January - November
2020-12-01,2020,12,1592,15764,-89.9,44867,206177,-78.2,206177,-78.2,January - December
2021-01-01,2021,1,1517,8638,-82.4,1517,8638,-82.4,13949,-89.1,January - January
2021-02-01,2021,2,1617,7920,-79.6,3134,16558,-81.1,28513,-89.0,January - February
2021-03-01,2021,3,2142,6713,-68.1,5276,23271,-77.3,45291,-88.4,January - March
2021-04-01,2021,4,2023,355,469.9,7299,23626,-69.1,59948,-87.8,January - April
2021-05-01,2021,5,2702,682,296.2,10001,24308,-58.9,75584,-86.8,January - May
2021-06-01,2021,6,4044,1066,279.4,14045,25374,-44.6,96182,-85.4,January - June
2021-07-01,2021,7,7731,3295,134.6,21776,28669,-24.0,120347,-81.9,January - July
2021-08-01,2021,8,11083,4317,156.7,32859,32986,-0.4,144446,-77.3,January - August
2021-09-01,2021,9,9331,3810,144.9,42190,36796,14.7,163200,-74.1,January - September
2021-10-01,2021,10,7399,3810,94.2,49589,40606,22.1,177082,-72.0,January - October
2021-11-01,2021,11,7961,2669,198.3,57550,43275,33.0,190413,-69.8,January - November
2021-12-01,2021,12,10710,1592,572.7,68260,44867,52.1,206177,-66.9,January - December
2022-01-01,2022,1,7064,1517,365.7,7064,1517,365.7,13949,-49.4,January - January
2022-02-01,2022,2,7792,1617,381.9,14856,3134,374.0,28513,-47.9,January - February
2022-03-01,2022,3,11573,2142,440.3,26429,5276,400.9,45291,-41.6,January - March
2022-04-01,2022,4,9868,2023,387.8,36297,7299,397.3,59948,-39.5,January - April
2022-05-01,2022,5,12223,2702,352.4,48520,10001,385.2,75584,-35.8,January - May
2022-06-01,2022,6,15133,4044,274.2,63653,14045,353.2,96182,-33.8,January - June
2022-07-01,2022,7,17020,7731,120.2,80673,21776,270.5,120347,-33.0,January - July
2022-08-01,2022,8,18810,11083,69.7,99483,32859,202.8,144446,-31.1,January - August
2022-09-01,2022,9,13750,9331,47.4,113233,42190,168.4,163200,-30.6,January - September
2022-10-01,2022,10,10936,7399,47.8,124169,49589,150.4,177082,-29.9,January - October
2022-11-01,2022,11,11004,7961,38.2,135173,57550,134.9,190413,-29.0,January - November
2022-12-01,2022,12,12668,10710,18.3,147841,68260,116.6,206177,-28.3,January - December
2023-01-01,2023,1,11212,7064,58.7,11212,7064,58.7,13949,-19.6,January - January
2023-02-01,2023,2,11619,7792,49.1,22831,14856,53.7,28513,-19.9,January - February
2023-03-01,2023,3,15448,11573,33.5,38279,26429,44.8,45291,-15.5,January - March
2023-04-01,2023,4,12145,9868,23.1,50424,36297,38.9,59948,-15.9,January - April
2023-05-01,2023,5,15061,12223,23.2,65485,48520,35.0,75584,-13.4,January - May
2023-06-01,2023,6,18558,15133,22.6,84043,63653,32.0,96182,-12.6,January - June
2023-07-01,2023,7,21189,17020,24.5,105232,80673,30.4,120347,-12.6,January - July
2023-08-01,2023,8,21767,18810,15.7,126999,99483,27.7,144446,-12.1,January - August
2023-09-01,2023,9,15965,13750,16.1,142964,113233,26.3,163200,-12.4,January - September
2023-10-01,2023,10,14149,10936,29.4,157113,124169,26.5,177082,-11.3,January - October
2023-11-01,2023,11,12810,11004,16.4,169923,135173,25.7,190413,-10.8,January - November
2023-12-01,2023,12,14567,12668,15.0,184490,147841,24.8,206177,-10.5,January - December
2024-01-01,2024,1,15300,11212,36.5,15300,11212,36.5,13949,9.7,January - January
2024-02-01,2024,2,16149,11619,39.0,31449,22831,37.7,28513,10.3,January - February
2024-03-01,2024,3,18931,15448,22.5,50380,38279,31.6,45291,11.2,January - March
2024-04-01,2024,4,15158,12145,24.8,65538,50424,30.0,59948,9.3,January - April
2024-05-01,2024,5,16891,15061,12.2,82429,65485,25.9,75584,9.1,January - May
2024-06-01,2024,6,20899,18558,12.6,103328,84043,22.9,96182,7.4,January - June
2024-07-01,2024,7,25297,21189,19.4,128625,105232,22.2,120347,6.9,January - July
2024-08-01,2024,8,25996,21767,19.4,154621,126999,21.7,144446,7.0,January - August
2024-09-01,2024,9,19941,15965,24.9,174562,142964,22.1,163200,7.0,January - September
2024-10-01,2024,10,17768,14149,25.6,192330,157113,22.4,177082,8.6,January - October
2024-11-01,2024,11,16314,12810,27.4,208644,169923,22.8,190413,9.6,January - November
2024-12-01,2024,12,17127,14567,17.6,225771,184490,22.4,206177,9.5,January - December
2025-01-01,2025,1,15964,15300,4.3,15964,15300,4.3,13949,14.4,January - January
2025-02-01,2025,2,15818,16149,-2.0,31782,31449,1.1,28513,11.5,January - February
2025-03-01,2025,3,19920,18931,5.2,51702,50380,2.6,45291,14.2,January - March
2025-04-01,2025,4,16667,15158,10.0,68369,65538,4.3,59948,14.0,January - April
